0.0905	9.03	0.01	0.00001
0.0859	8.57	0.01	0.00001
0.0813	8.06	0.01	0.00001
0.078	7.66	0.01	0.00001
0.0728	7.26	0.01	0.00001
0.0683	6.79	0.02	0.00001
0.0646	6.35	0.01	0.00001
0.0589	5.88	0.01	0.00001
0.0557	5.55	0.01	0.00001
0.0497	4.95	0.01	0.00001
0.0458	4.57	0.01	0.00001
0.0404	4.03	0.01	0.00001
0.0366	3.66	0.01	0.00001
0.03484	3.44	0.01	0.00001
0.03164	3.12	0.01	0.00001
0.02815	2.78	0.01	0.00001
0.0254	2.5	0.01	0.00001
0.02249	2.21	0.01	0.00001
0.02013	1.98	0.01	0.00001
0.01555	1.53	0.01	0.00001
0.01091	1.07	0.01	0.00001
